     0     0     0   -    15
     1     0     0   -    15
     2     0     0   -    15
     3     0     0   -    15
     4     0     0   -    15
     0     1     0   -    15
     1     1     0   -    15
     2     1     0   -    15
     3     1     0   -    15
     4     1     0   -    15
     0     2     0   -    15
     1     2     0   -    15
     2     2     0   -    15
     3     2     0   -    15
     4     2     0   -    15
     0     3     0   -    15
     1     3     0   -    15
     2     3     0   -    15
     3     3     0   -    15
     4     3     0   -    15
     0     4     0   -     6
     1     4     0   -     3
     2     4     0   -     3
     3     4     0   -     3
     4     4     0   -     3
     0     0     1   -    15
     1     0     1   -    15
     2     0     1   -    15
     3     0     1   -    15
     4     0     1   -    15
     0     1     1   -    15
     1     1     1   -    15
     2     1     1   -    15
     3     1     1   -    15
     4     1     1   -    15
     0     2     1   -    15
     1     2     1   -    15
     2     2     1   -    15
     3     2     1   -    15
     4     2     1   -    15
     0     3     1   -    15
     1     3     1   -    15
     2     3     1   -    15
     3     3     1   -    15
     4     3     1   -    15
     0     4     1   -     6
     1     4     1   -     3
     2     4     1   -     3
     3     4     1   -     3
     4     4     1   -     3
     0     0     2   -    15
     1     0     2   -    15
     2     0     2   -    15
     3     0     2   -    15
     4     0     2   -    15
     0     1     2   -    15
     1     1     2   -    15
     2     1     2   -    15
     3     1     2   -    15
     4     1     2   -    15
     0     2     2   -    15
     1     2     2   -    14
     2     2     2   -    14
     3     2     2   -    14
     4     2     2   -    14
     0     3     2   -    15
     1     3     2   -    15
     2     3     2   -    15
     3     3     2   -    13
     4     3     2   -    13
     0     4     2   -     6
     1     4     2   -     1
     2     4     2   -     1
     3     4     2   -     1
     4     4     2   -     1
     0     0     3   -    11
     1     0     3   -     8
     2     0     3   -     8
     3     0     3   -     6
     4     0     3   -     6
     0     1     3   -     8
     1     1     3   -     5
     2     1     3   -     5
     3     1     3   -     1
     4     1     3   -     1
     0     2     3   -     3
     0     3     3   -     1
